52 83 36 03 15 11 14 87 10 81 22 43 83 42 04 34 39 19 08 49
36 73 97 19 40 02 19 64 26 07 22 75 73 89 43 14 90 89 17 14
97 61 01 25 74 23 40 47 70 59 65 18 04 16 02 91 64 42 24 97
23 64 12 15 55 93 98 79 00 95 93 00 76 36 01 38 68 83 43 04
58 51 00 44 15 68 80 70 59 40 51 48 26 77 27 05 22 60 40 12
90 16 56 59 43 61 06 65 35 51 20 58 63 06 69 68 20 43 83 62
09 08 22 61 32 37 18 41 40 09 38 73 10 43 02 96 49 87 07 98
22 37 29 87 23 87 48 87 44 00 02 37 67 77 92 82 79 54 07 39
84 06 48 06 58 41 65 50 85 77 11 57 31 11 40 43 60 44 20 84
33 39 28 23 20 70 70 29 75 69 78 79 51 82 29 23 76 16 09 90
15 26 46 71 12 39 96 33 03 98 86 93 19 24 67 75 45 25 66 99
64 82 55 86 31 38 84 23 33 53 56 68 74 64 37 08 07 29 43 29
19 21 29 01 60 66 59 83 13 91 90 51 20 88 87 27 92 30 37 08
62 32 30 43 79 90 88 60 59 84 78 83 62 59 02 61 01 15 87 66
75 23 12 36 05 51 93 86 51 31 16 05 33 60 85 52 96 14 36 61
88 69 23 00 89 40 14 45 14 40 92 09 44 86 74 83 88 38 31 00
75 83 20 28 73 14 65 85 72 73 40 51 07 36 66 48 64 01 67 10
01 04 63 00 71 92 00 38 57 30 22 33 62 27 45 60 77 07 39 04
79 31 20 97 26 37 04 17 28 78 97 74 17 50 87 74 89 64 50 80
95 05 53 31 15 95 97 79 73 41 00 83 10 31 86 53 48 91 07 65
